109568 0.335326024325 0.308910088942 0.239797857816 0.261151352658 0.460999464797 0.42865255066
109569 0.0318814364952 0.457949464248 0.157022599423 0.019153347433 0.80692686785 0.428565097389
109570 0.201345726496 0.992327381176 0.212866857528 0.299675332957 0.938712179474 0.438738467599
109571 0.601947560109 0.267771544584 0.750742291528 0.84705325716 0.310349209075 0.175702273379
109572 0.225646783986 0.76425595218 0.724562378389 0.826661077069 0.711540831325 0.878918126653
109573 0.458189424737 0.706947938854 0.178652391572 0.716808453447 0.516272441909 0.257419223279
109574 0.921445233222 0.300786332678 0.0811540746367 0.566462043245 0.205597522736 0.378373001953
109575 0.676631561534 0.142878796498 0.282393697716 0.0336893170995 0.77019500254 0.492796539203
109576 0.901457039941 0.84195046637 0.542031821175 0.853994832249 0.460686851007 0.0034497192256
109577 0.679552025454 0.9042275638 0.559827413507 0.310373065854 0.472548630829 0.428365733945
109578 0.241067268767 0.224695532748 0.620970621667 0.707419609915 0.0113824188471 0.744723567626
109579 0.52275772909 0.191425455963 0.0732018628794 0.0382287021333 0.860990726977 0.582184054506
109580 0.965856653347 0.469435848847 0.141598565844 0.122857803576 0.233510469905 0.198948710505
109581 0.20928627676 0.141505217677 0.452729442641 0.722063425634 0.667131016786 0.749586463502
109582 0.655058567197 0.0850546514766 0.998382281367 0.562132031254 0.627197165609 0.0339979701252
109583 0.783282015023 0.916514672996 0.335006088541 0.259823355942 0.487655830991 0.7884290776
109584 0.114787289402 0.81021727155 0.962525092477 0.0842718522544 0.0414056904508 0.080473857957
109585 0.106980144255 0.781227162961 0.923248721975 0.526012659767 0.957269013633 0.401144836937
109586 0.414338497275 0.49872415537 0.235217937377 0.616094829134 0.989422978162 0.33308875864
109587 0.289890905796 0.640801830577 0.440943545879 0.978490176279 0.344741498643 0.418208172947
109588 0.974044303925 0.424104279294 0.376969342662 0.0229818230317 0.207743583927 0.534725723616
109589 0.639680645683 0.480823402664 0.281832484349 0.607822466666 0.689783136063 0.127879186363
109591 0.604412413555 0.911483311069 0.693664143648 0.185028133308 0.0243382958948 0.75500422547
109592 0.656668094861 0.768681895227 0.0801092696711 0.722543855906 0.110311638194 0.892046639353
109593 0.00783621305748 0.306114494014 0.0382557281706 0.555424399504 0.590813169717 0.859446549988
109594 0.193039061076 0.298573287838 0.870358067176 0.70134384382 0.57662145227 0.721661746588
109595 0.737343659253 0.443095459928 0.425673247022 0.916184232016 0.935340100803 0.0988520386075
109596 0.129443058636 0.469889154291 0.0990850546702 0.430383454159 0.905841806813 0.341207848219
109597 0.234183255008 0.211666679792 0.934667307139 0.146587321263 0.962726209294 0.890560061367
109598 0.290260566703 0.946811204357 0.920930549714 0.342526096504 0.939396727089 0.520877966274
109599 0.47102283211 0.356149438233 0.165061599022 0.490402642263 0.429070022543 0.352575865698
109600 0.262653940028 0.710989193685 0.43112274441 0.538885029377 0.172814782737 0.228193093988
109601 0.998685773728 0.798479608096 0.626201109435 0.984050855094 0.0133391082531 0.542972884907
109602 0.808524992834 0.614465434353 0.725577265235 0.998826737485 0.225312357471 0.762772159438
109603 0.483583342198 0.52945170718 0.37217442955 0.330286272891 0.712394268673 0.442336396054
109605 0.0204038180755 0.792534630581 0.62801156959 0.00682120654579 0.562651742616 0.5839796439
109606 0.0461171320736 0.2421888637 0.392829524865 0.463033026901 0.64824551714 0.894314010996
109607 0.55481914564 0.148444976394 0.452518557627 0.5755111413 0.92340634535 0.672305394658
109608 0.149275904206 0.91767276409 0.485013142335 0.531055754946 0.941328068755 0.460939537738
109609 0.426714027582 0.932209599906 0.717615645219 0.797072291913 0.562132436885 0.468502491888
109610 0.203725472614 0.774311159376 0.504622171444 0.967042012988 0.197261515737 0.00772095084251
109611 0.359041328917 0.713613121931 0.6173599927 0.845626424912 0.899279330061 0.479840800006
109612 0.726438240055 0.78711532317 0.124407977643 0.0521418871518 0.392807513638 0.463138620773
109613 0.805985594709 0.65412617101 0.735007571126 0.267868867367 0.627243479107 0.850834221408
109614 0.718735202377 0.134374997564 0.123142003485 0.246514387423 0.00647419333429 0.881545147775
109615 0.0141227688108 0.352568831675 0.630978703061 0.00311424890629 0.844642790741 0.846195421652
109616 0.747093246246 0.327533216159 0.990319879784 0.817878374499 0.995712046359 0.646090710582
109617 0.292035745099 0.127223853017 0.116729899982 0.0186659329235 0.65180307469 0.81385277217
109618 0.979911024774 0.0994749128536 0.751308676764 0.832094053135 0.434954115197 0.676456331598
109619 0.288289254025 0.818498967871 0.941965177314 0.651018112422 0.715326895183 0.620395901636
109620 0.719471718461 0.237578667339 0.970536897795 0.355709940264 0.438475372418 0.957161190304
109621 0.278643750891 0.293864558614 0.782281084899 0.484596705568 0.958914939547 0.286758190876
109622 0.0854302394106 0.676452508563 0.267468997058 0.605962265418 0.942985561773 0.917986001126
109623 0.642670173389 0.494608063226 0.129947028489 0.292217344425 0.792467239572 0.0968259539076
109624 0.368124472898 0.280308221591 0.732915660313 0.937764573569 0.417066826987 0.763915282258
109625 0.623337314208 0.334107432836 0.217791603645 0.898290469515 0.434588847984 0.632994304896
109626 0.971197762428 0.351427355196 0.574649855639 0.166698776534 0.936479476476 0.922834434555
109627 0.509564820493 0.20969672102 0.803667431448 0.19833827169 0.559734372505 0.0408210513911
109628 0.299628335283 0.402596487727 0.256812446145 0.956040041898 0.178541243926 0.28341697673
109629 0.154245193809 0.638817011689 0.7448210416 0.173280599156 0.800934590977 0.0223507494184
109630 0.118413623004 0.257309833193 0.584832460034 0.674302904039 0.8067849038 0.42877557703
109631 0.665138850935 0.953716032357 0.513271918521 0.499153106621 0.597134120683 0.881852689718
109632 0.22308417917 0.694475356461 0.673434129551 0.637974948211 0.636239467625 0.692235043028
109633 0.211724852077 0.348550975147 0.637259214481 0.315042463362 0.683903258441 0.807814322715
109634 0.469010039527 0.810572206633 0.101123123433 0.837612228956 0.860552681726 0.924561694183
109635 0.444806475914 0.640917854324 0.913132044619 0.750651433866 0.378936841881 0.215788771116
109636 0.24285522536 0.68660658718 0.758069620216 0.113497811811 0.71427209105 0.394626750149
109637 0.809323136931 0.50229406722 0.765763032327 0.513672333378 0.309147852668 0.790658618709
109638 0.698704421836 0.48827975847 0.00853525126453 0.423198216474 0.353774724606 0.477016913889
109640 0.312751750384 0.786142480235 0.842731927988 0.0883257944517 0.127217981106 0.281690376387
109641 0.846555807094 0.0741829442214 0.674357201643 0.237221728767 0.0119319022293 0.224545566392
109644 0.411618586462 0.544755592797 0.76126190183 0.863629000418 0.876055984335 0.674387724087
109646 0.657482038859 0.957998801521 0.151291069543 0.759841618413 0.885271461241 0.257846232536
109647 0.412442712591 0.22816421733 0.327504022856 0.182143657667 0.310554173245 0.932514450067
109648 0.00656775108102 0.503905713048 0.293744003512 0.0986186788808 0.231110510791 0.666148507601
109650 0.489857035422 0.992687476273 0.8009994558 0.0526448775407 0.359174501567 0.818530045997
109651 0.698615469722 0.0783476453334 0.423215026005 0.964505438214 0.932403248096 0.945606086092
109652 0.772877584752 0.309376521147 0.976198703338 0.588733738067 0.333682849435 0.859599728343
109653 0.450007742703 0.465476109667 0.666292902806 0.708827041822 0.0567682217528 0.00556036490308
109654 0.311719217199 0.981508852162 0.646164244595 0.397821375261 0.144094527093 0.740676187193
109655 0.309492999674 0.37222257692 0.0866580740663 0.109278537746 0.978418660825 0.859971950578
109656 0.0417662246702 0.341534650131 0.440222846883 0.469878721451 0.991269809576 0.285416719954
109657 0.922743709292 0.760153761655 0.699612424736 0.648375057252 0.240933807009 0.920814045415
109658 0.564408986943 0.878589448314 0.122629297669 0.729817026857 0.142649983876 0.490022605574
109659 0.296053772094 0.612457802418 0.204022952674 0.634994143716 0.908308387633 0.819858294989
109660 0.149353994225 0.0162550075322 0.466586402315 0.972378165434 0.391712182567 0.536189282326
109661 0.966608262144 0.723358374331 0.504681913129 0.648025425588 0.363529518707 0.0887029154072
109662 0.0364034584968 0.564789838373 0.653043842117 0.351934032639 0.916731131466 0.214065981362
109663 0.638339394648 0.966579445581 0.63102720725 0.204171877418 0.139742363298 0.671539083112
109664 0.358213678163 0.936579704426 0.983424459282 0.917745815048 0.016912362169 0.0711624523698
109665 0.559925358462 0.435227241136 0.584981832211 0.745708848707 0.707399290618 0.227644052846
109666 0.0928258528727 0.607764110588 0.0196566811834 0.312185434291 0.533769143376 0.0953036784373
109667 0.916097093501 0.645028361524 0.153818877784 0.197256577971 0.358270420027 0.372007352687
109668 0.238225911631 0.949561153246 0.825783646374 0.702690243357 0.256839214512 0.781825970538
109669 0.894340606314 0.130058565532 0.950254963396 0.671218180268 0.643890791442 0.159744649886
109670 0.350537864162 0.0327225800253 0.615981681625 0.297806029379 0.0921912094295 0.109900382941
109671 0.466235595143 0.4425310754 0.0289232259505 0.0212127094594 0.169244784002 0.217913996516
109673 0.512029681864 0.874546263857 0.178442552056 0.175889381945 0.068731683282 0.818725815698
109674 0.447518129636 0.573896172716 0.443521307628 0.70932671671 0.512431168969 0.127819624814
109675 0.730777282265 0.441051767715 0.271386878959 0.289901257689 0.0637246493595 0.575854664619
109676 0.879205903338 0.0149455040249 0.840267706443 0.0378850452693 0.462736247513 0.691177722776
109677 0.989665365952 0.0105265035511 0.691513295512 0.736332602035 0.0637561986792 0.229903357851
109678 0.182255461618 0.951866150885 0.653342113182 0.394736770531 0.370293471229 0.00705448172276
109679 0.461113015651 0.403181050934 0.0816695557393 0.887962085258 0.913853321535 0.751336625307
109680 0.524865344732 0.942620265763 0.473320792913 0.458178106851 0.639441538317 0.937767133348
109681 0.368899911379 0.734987628991 0.539001711605 0.611367547725 0.773969178598 0.955239651385
109682 0.158731578136 0.426393038049 0.192440341197 0.223162075311 0.202984765673 0.274363149138
109683 0.971424128092 0.840773489259 0.796102697152 0.115322714044 0.443613374809 0.927793488753
109684 0.203494945739 0.64707974029 0.0190554751504 0.0287678126238 0.132162671737 0.709344809581
109686 0.360372531848 0.465307935093 0.924831256646 0.68113300787 0.260109949813 0.0401071096941
109687 0.0130214100137 0.417189734352 0.577816934724 0.453408032302 0.6362002006 0.596347848312
109688 0.749330706766 0.113352223632 0.0136609499318 0.176332842894 0.605997636575 0.220902239178
109689 0.208851984748 0.00458779057078 0.216840348334 0.92869699508 0.103554105491 0.702258423074
109690 0.119414886266 0.898867481345 0.619608468983 0.706990445936 0.70405946416 0.338881663265
109691 0.915082687032 0.9740389661 0.084243502389 0.372397044063 0.417866874038 0.894817704892
109692 0.386582298113 0.40631182895 0.901310371156 0.647516455903 0.580951402334 0.514839523711
109693 0.957785283328 0.61282095148 0.786790051074 0.33910849347 0.699529112567 0.131961593143
109694 0.429643940594 0.943158318238 0.170784188897 0.920421891955 0.149329727721 0.199067433659
109695 0.0892849879885 0.986078618599 0.24987568175 0.413683120267 0.986985403009 0.936367049872
109696 0.451502696832 0.107635940488 0.55187896949 0.475891092438 0.323372486435 0.0473168017659
109697 0.891570156821 0.693593473737 0.52524261324 0.685582757489 0.676579484729 0.478735168808
109698 0.0598899557806 0.916840630366 0.136742996093 0.952455994251 0.924013849506 0.484256385099
109699 0.388903228263 0.466458433659 0.974444589621 0.792782685989 0.849608199835 0.746173534533
109700 0.89290265967 0.822844214613 0.805444507894 0.901415188232 0.601437191872 0.331599694602
109701 0.809517933776 0.675695367506 0.024563527532 0.486044279806 0.929930917454 0.19133364448
109702 0.608865100079 0.290981484977 0.444408758987 0.159038042668 0.570114304 0.783605119223
109703 0.946963535986 0.751424574788 0.505759548446 0.584027001162 0.318202923841 0.322524498769
109704 0.537321460978 0.677897731119 0.791516369433 0.453610961092 0.992498053304 0.168877966585
109705 0.928719026559 0.987144706805 0.0867493389883 0.859107354881 0.951040667744 0.212276360053
109706 0.474086862503 0.968458212159 0.041311875348 0.980179856303 0.130579070408 0.999347133259
109707 0.882597806841 0.740964926742 0.364181362258 0.118177361208 0.0645752256162 0.81059244462
109708 0.82098011703 0.38156306785 0.104507858127 0.632305882687 0.840212215804 0.301203820713
109709 0.0983195682144 0.173387522117 0.652595521647 0.0918419237361 0.869445956961 0.242948963695
109710 0.0816769507008 0.982473916917 0.733352873015 0.13430509544 0.595437533891 0.298123639411
109711 0.381924012298 0.450173295009 0.454101330239 0.440912176852 0.955314870921 0.756755802505
109714 0.624883347291 0.307960049105 0.470833212614 0.545333023947 0.739657882823 0.474101020422
109716 0.954723385352 0.960235820213 0.301622625648 0.924300292342 0.647787489416 0.314026148662
109717 0.935380276746 0.805982654792 0.0938059690179 0.183964791132 0.573848375218 0.671339516289
109718 0.0750608950157 0.788707496231 0.201831386823 0.245367600884 0.819384669678 0.895598866994
109719 0.154589960972 0.348364148035 0.135512797836 0.7252439493 0.262241707344 0.340627127571
109720 0.799034639046 0.875366078045 0.267421409019 0.908117908793 0.200088168997 0.710618056337
109721 0.344621184698 0.848741554531 0.529286119391 0.966771488719 0.81799098222 0.397702014153
109722 0.30620641518 0.865682238389 0.0976471158846 0.914926240646 0.683888759655 0.887177980372
109723 0.538023208536 0.322636767694 0.682139192772 0.244941889403 0.983630530832 0.546319093595
109724 0.752361009024 0.828701764819 0.00887269581731 0.528039679695 0.489787869283 0.508175551701
109725 0.63940312232 0.173339946003 0.108004335616 0.937580829483 0.383455027476 0.127084622558
109726 0.994899990428 0.137769259065 0.224633746261 0.694398053328 0.684971622148 0.363461905783
109727 0.236286534604 0.852960921247 0.371423044175 0.282596667692 0.603531622824 0.917806768546
109728 0.0969715122739 0.506574567639 0.624288359279 0.120328919824 0.70718213369 0.011278267722
109729 0.458885748575 0.553077706063 0.67988339889 0.0896170306974 0.420956075981 0.302233308952
109730 0.479402989522 0.816368691209 0.170322036695 0.564072376082 0.216621885802 0.256494495414
109731 0.571873722155 0.848010576847 0.656059797907 0.775502479992 0.747392818418 0.582164794101
109732 0.291933550852 0.890463103194 0.0104701633152 0.573081555905 0.485709332185 0.611972365038
109734 0.458344791852 0.354802052054 0.414085944701 0.818376429824 0.638379032142 0.481701944426
109735 0.64214702231 0.0763417421008 0.942044121761 0.721102904364 0.986894906486 0.182483437037
109736 0.90924450274 0.65991306401 0.325222163999 0.557438746016 0.360487802391 0.431861949532
109737 0.796357900672 0.944404607972 0.977222465164 0.98569092086 0.339315795194 0.352953761792
109740 0.605930937749 0.0308651987811 0.554557488859 0.69748635305 0.859362018851 0.541021404747
109741 0.597138443939 0.960580314746 0.850021655407 0.803294784778 0.892982039203 0.205709691155
109742 0.53689370618 0.387074669084 0.687278718538 0.310890761279 0.562029644482 0.380258800632
109743 0.675716217533 0.117573338387 0.112801146092 0.575030870406 0.306578649388 0.651220837745
109744 0.852687998094 0.642697623793 0.120316728444 0.372329885335 0.715943308103 0.0781428364329
109745 0.25232798464 0.52639244306 0.346549015007 0.847046516116 0.432620521394 0.239980432462
109746 0.886566384955 0.177431755216 0.988935429898 0.51804901441 0.583094728703 0.707618348021
109747 0.640603649481 0.272245811465 0.44672644778 0.133547484504 0.980812190909 0.412982613233
109748 0.424773969513 0.400276209405 0.252098298294 0.537871527309 0.392835309082 0.0573945282654
109749 0.277675246559 0.387374690267 0.321432075235 0.571827630312 0.569920680049 0.719792872557
109752 0.5001086526 0.109045271631 0.993170390875 0.615430161248 0.907131508218 0.188638472082
109753 0.891458366016 0.972943626098 0.120782857908 0.733744387912 0.280839364602 0.126824799162
109754 0.554750607862 0.357739860224 0.18874852356 0.855804049122 0.991339871345 0.447388224785
109755 0.2028740695 0.043613686752 0.455126196225 0.417531129202 0.300963955425 0.88207342728
109756 0.535315710327 0.599015399901 0.389397275754 0.784359612872 0.183361039572 0.296471482818
109757 0.87059561273 0.882222520556 0.361246357751 0.86743545177 0.651422421527 0.66446079136
109758 0.992639844769 0.751394416404 0.485735673864 0.86738108218 0.384282456022 0.528856693655
109759 0.0949039322351 0.71670524677 0.935128819331 0.616834134322 0.933652105604 0.0746003363294
109760 0.20916929642 0.8411178762 0.378630207658 0.611449179523 0.402179183285 0.901064606974
109761 0.921374919777 0.725143574496 0.31084615078 0.524825429139 0.517282821494 0.379909589956
109762 0.614044037446 0.239818395171 0.0068903035546 0.274548673015 0.903437020109 0.166193461432
109763 0.615467088207 0.855117704531 0.271580169639 0.860157175644 0.593905660325 0.830015303844
109764 0.190009154831 0.784309777109 0.546472281401 0.501968358869 0.57821540768 0.476387710563
109765 0.29812002228 0.333252318944 0.345842094209 0.724277017577 0.697914316689 0.284612195476
109766 0.57110111096 0.24851770628 0.621417886076 0.901793995715 0.475945789244 0.83998624324
109767 0.896450230029 0.307756919678 0.358106431643 0.493696859438 0.102088273147 0.839096809632
109769 0.797190671915 0.127615233022 0.653689890969 0.823649831803 0.116832633502 0.685409001207
109770 0.265319136726 0.32019513017 0.301137807867 0.0387543541179 0.441265278319 0.0864308749931
109771 0.404367584453 0.700080473567 0.719243087817 0.131913870784 0.237083642304 0.337318921803
109772 0.426256560294 0.395866625008 0.0496496396864 0.600800553362 0.139133106249 0.309689627883
109773 0.879174901784 0.921882006891 0.0933746821876 0.460620519658 0.136175575997 0.0293636643417
109774 0.427900363322 0.688929283553 0.408729939354 0.428488818394 0.443482012554 0.875420156724
109775 0.443528791839 0.748337982724 0.222749137932 0.360908979527 0.504557403297 0.0508974972717
109776 0.209492021037 0.856806770242 0.312522100023 0.577301520233 0.694693618545 0.881685149927
109777 0.110718926138 0.91335046724 0.596145944386 0.0804762053534 0.529604807207 0.181672034037
109778 0.0347748220821 0.496240049227 0.392038504548 0.365609906204 0.247678492115 0.703858201859
109779 0.264992298917 0.506329792822 0.879845381362 0.844460319212 0.282920635262 0.0743323130574
109780 0.1946370133 0.87316267201 0.134055354272 0.618443850642 0.0649050394756 0.582184102608
109781 0.885856235537 0.38789894059 0.122994686948 0.158112968974 0.194635439313 0.822021537606
109782 0.362992025721 0.781173547572 0.0946823212049 0.976154785978 0.806470926747 0.317642068883
109783 0.737147111111 0.720630807057 0.768891241297 0.806815585313 0.172882223294 0.906491118402
109784 0.971860854517 0.508000370055 0.60917791582 0.118823629387 0.680017772826 0.396946547952
109785 0.526057996199 0.0725133911596 0.391645293248 0.686983789568 0.884782209108 0.869390895562
109417 0.534771170912 0.288468018441 0.483724831756 0.0757980386833 0.681955688711 0.35226308515
109453 0.974618240512 0.470202616962 0.893166349645 0.475372601805 0.816009174764 0.915987024974
109473 0.876772548322 0.240002607449 0.183574190572 0.775931435936 0.281410945309 0.321597760953
109476 0.397078995819 0.601823179825 0.0158644238539 0.431321210085 0.815038192162 0.151054949563
109484 0.577851331738 0.356322222549 0.543845780512 0.326566626195 0.836995148536 0.782935478698
109492 0.742205397886 0.296292286562 0.612062080227 0.125140603684 0.473300107793 0.321340741054
109494 0.411279643305 0.742643064133 0.0494892619154 0.530392571472 0.0633062416231 0.177496074923
109495 0.0391220619977 0.726759682716 0.139065019838 0.560893893357 0.944375628628 9.81295635056e-05
109498 0.0923299162844 0.164254486481 0.227852577383 0.28355226373 0.449134833879 0.0247506108433
109501 0.761129294617 0.728510807175 0.294628608489 0.326295611866 0.124888118295 0.422542822417
109502 0.418280450985 0.385041550281 0.318646245563 0.0101214678334 0.534622114536 0.811225429316
109503 0.494739127023 0.576267332026 0.173353328116 0.80239215479 0.444621597175 0.569435000405
109505 0.336117600941 0.316842544602 0.202979235597 0.146220796496 0.737150091351 0.634966878907
109506 0.961595124319 0.245201418377 0.198359850908 0.309792232647 0.0995456171533 0.24054105696
109508 0.654821823878 0.951222422541 0.863121298479 0.497098171457 0.1203707406 0.85218257525
109509 0.54707988182 0.44489355585 0.0150988680253 0.837063266143 0.889375373989 0.0260262856955
109510 0.0436041147545 0.019457069855 0.504818397562 0.559254426406 0.115506425099 0.155304332337
109511 0.411399823424 0.346776587554 0.949133354455 0.909301369925 0.0625372994884 0.367830629304
109512 0.568502319802 0.982106081766 0.648204118435 0.574546969728 0.294020088585 0.819980261144
109513 0.918678195573 0.625403358051 0.491030776756 0.560919610229 0.204769703493 0.0152003964059
109514 0.6178349424 0.0387054439714 0.367341083723 0.0349191766599 0.866444355216 0.202023320314
109515 0.689417759154 0.802186361595 0.963532734311 0.879037078323 0.248664914757 0.362093659388
109517 0.729890019326 0.91900327785 0.270641686155 0.76824871196 0.926933292639 0.793516660822
109518 0.651667828495 0.229528319902 0.531285480244 0.428675319499 0.782791405155 0.24188751923
109519 0.772048238672 0.301258672276 0.75209903518 0.642235780709 0.222161371986 0.0869073773969
109520 0.741030743978 0.0460437850581 0.90171439277 0.640668421681 0.218248628956 0.225072939594
109521 0.931114282054 0.341356130752 0.382885101591 0.597139273029 0.00705149145536 0.155667034303
109522 0.963382085238 0.626777834184 0.0550667618917 0.690457834307 0.264132619182 0.776544347341
109523 0.0828824446723 0.672813197881 0.713623749741 0.87765907391 0.43142196143 0.54776402911
109524 0.774145490762 0.0671469995011 0.756844435643 0.943163095616 0.832315696689 0.450402009802
109525 0.104562432489 0.891545911572 0.741201280108 0.64353684856 0.995615449838 0.875771177837
109526 0.287896048078 0.556216005241 0.701675297573 0.465471661612 0.64877140187 0.793879124376
109527 0.543257704616 0.115732775477 0.980271478776 0.365609562017 0.244281911644 0.648331701058
109528 0.861535350563 0.639831110261 0.159344247193 0.416890369062 0.741612255775 0.0419490171202
109529 0.189074248407 0.774913951562 0.558608517358 0.162564234655 0.966743303881 0.139780149279
109530 0.0396863315296 0.245291814539 0.050571380135 0.627425379418 0.354135402836 0.715752615132
109531 0.803426279643 0.611377704306 0.396306424562 0.243039520702 0.585552980171 0.650030075619
109532 0.0170963239074 0.0911219420751 0.184654057609 0.240586067692 0.585571795113 0.390831828524
109533 0.386653829837 0.243310899634 0.911354538097 0.978681406371 0.6667463362 0.192308546663
109534 0.215430693789 0.590312305928 0.537469200673 0.602117769743 0.0180455876154 0.31561625062
109535 0.825189612225 0.92263829663 0.840639075639 0.0940973999397 0.601295665025 0.618867482875
109536 0.730825930916 0.846152893249 0.0605410869917 0.687506775962 0.790628186873 0.790973927089
109538 0.859148130307 0.0774388826744 0.167419552271 0.86703900621 0.39557918503 0.16191664275
109539 0.438042106293 0.686598795066 0.414624423727 0.0977438931341 0.583141510002 0.866764780213
109540 0.534258305993 0.878804421124 0.928311202121 0.525975127596 0.623086294713 0.520325747478
109541 0.255669910013 0.179269426115 0.482121449734 0.588015418341 0.536643588804 0.567893180137
109542 0.470818321434 0.935424646739 0.0982188972861 0.0506371691892 0.653871567069 0.141395701967
109543 0.365707714539 0.292914523688 0.79220389169 0.842732826417 0.637555453587 0.798797462717
109544 0.999031811207 0.890945275806 0.702004544509 0.0314860932926 0.100768469929 0.00356692010919
109545 0.616754255424 0.408820399465 0.439531449556 0.777992350501 0.364493583548 0.714177168257
109546 0.373439075619 0.441545459118 0.43461517351 0.163615834995 0.116656301617 0.774869717066
109547 0.888947819009 0.115711710216 0.850249241573 0.0113656589074 0.20355696829 0.104959135929
109548 0.272549612918 0.805634589916 0.0343732038547 0.77587530304 0.422108861284 0.183986275637
109550 0.517156598905 0.657094084158 0.414351392398 0.423840363466 0.547253846529 0.0360293415374
109551 0.988470377632 0.836007170026 0.113490493726 0.203033317015 0.833557862329 0.607758187159
109552 0.631716149937 0.772019991169 0.65478130656 0.131271296196 0.851577743477 0.991524896448
109553 0.802716157192 0.968874624915 0.883729874875 0.919686204132 0.643237537016 0.954745968945
109554 0.57364225417 0.3110823723 0.562457919156 0.858623762204 0.588716509736 0.0841672602978
109555 0.946574712072 0.937596509149 0.770366765362 0.195845217145 0.538508950842 0.0994312666206
109556 0.718808995841 0.179620336505 0.301080797588 0.264636467738 0.541217550298 0.967919385393
109557 0.107286416216 0.908325031892 0.816798181996 0.250940501387 0.181865937279 0.306263637214
109558 0.942719150857 0.571636916459 0.0532325239819 0.0539347485492 0.442791032199 0.0646943380815
109559 0.220401651435 0.838616101084 0.114155297013 0.438333377031 0.343994640631 0.740502762905
109560 0.83663061525 0.663040835989 0.524558593567 0.638035602133 0.625404320852 0.197201823812
109561 0.0191435438878 0.463446851657 0.0298331327771 0.166279259008 0.799093301628 0.0245418594407
109562 0.190170438584 0.953719830513 0.525516958116 0.889882185938 0.741067714842 0.843598919044
109563 0.977426480257 0.313379320665 0.907166847734 0.326097711461 0.401801103163 0.566234432897
109564 0.290859989345 0.940253696504 0.112006405474 0.405073403543 0.32371662237 0.423758657419
109565 0.0596979410782 0.952013180029 0.959493589917 0.219031181782 0.131861241304 0.176993242686
109566 0.187513758002 0.108194892717 0.631880500947 0.353797513675 0.475929829548 0.0910518467159
109567 0.186428608027 0.870926414765 0.14361667783 0.21934957676 0.528950034306 0.544014005487
